5.1 0.397014
5.10535 0.402231
5.1107 0.407415
5.11605 0.412569
5.1214 0.417693
5.12676 0.42279
5.13211 0.42786
5.13746 0.432906
5.14281 0.437929
5.14816 0.44293
5.15351 0.447912
5.15886 0.452875
5.16421 0.457822
5.16957 0.462753
5.17492 0.467671
5.18027 0.472577
5.18562 0.477473
5.19097 0.482359
5.19632 0.487239
5.20167 0.492113
5.20702 0.496982
5.21237 0.501849
5.21773 0.506716
5.22308 0.511582
5.22843 0.51645
5.23378 0.521319
5.23913 0.526187
5.24448 0.531053
5.24983 0.535916
5.25518 0.540774
5.26054 0.545626
5.26589 0.550472
5.27124 0.55531
5.27659 0.560138
5.28194 0.564955
5.28729 0.569761
5.29264 0.574553
5.29799 0.579331
5.30334 0.584093
5.3087 0.588839
5.31405 0.593567
5.3194 0.598275
5.32475 0.602962
5.3301 0.607628
5.33545 0.612271
5.3408 0.61689
5.34615 0.621483
5.35151 0.626049
5.35686 0.630588
5.36221 0.635097
5.36756 0.639576
5.37291 0.644023
5.37826 0.648437
5.38361 0.652817
5.38896 0.657162
5.39431 0.66147
5.39967 0.66574
5.40502 0.669971
5.41037 0.674162
5.41572 0.678311
5.42107 0.682418
5.42642 0.68648
5.43177 0.690497
5.43712 0.694468
5.44247 0.69839
5.44783 0.702264
5.45318 0.70609
5.45853 0.709871
5.46388 0.713609
5.46923 0.717307
5.47458 0.720968
5.47993 0.724594
5.48528 0.728187
5.49064 0.73175
5.49599 0.735286
5.50134 0.738797
5.50669 0.742286
5.51204 0.745756
5.51739 0.749208
5.52274 0.752646
5.52809 0.756073
5.53344 0.75949
5.5388 0.7629
5.54415 0.766306
5.5495 0.76971
5.55485 0.773116
5.5602 0.776525
5.56555 0.77994
5.5709 0.783364
5.57625 0.786799
5.58161 0.790247
5.58696 0.793713
5.59231 0.797197
5.59766 0.800703
5.60301 0.804232
5.60836 0.807789
5.61371 0.811375
5.61906 0.814992
5.62441 0.818644
5.62977 0.822333
5.63512 0.826061
5.64047 0.829832
5.64582 0.833647
5.65117 0.837509
5.65652 0.841421
5.66187 0.845386
5.66722 0.849405
5.67258 0.85348
5.67793 0.857605
5.68328 0.861775
5.68863 0.865983
5.69398 0.870223
5.69933 0.87449
5.70468 0.878776
5.71003 0.883076
5.71538 0.887384
5.72074 0.891694
5.72609 0.895999
5.73144 0.900294
5.73679 0.904572
5.74214 0.908827
5.74749 0.913054
5.75284 0.917245
5.75819 0.921396
5.76355 0.925499
5.7689 0.92955
5.77425 0.933541
5.7796 0.937466
5.78495 0.94132
5.7903 0.945097
5.79565 0.948789
5.801 0.952392
5.80635 0.955899
5.81171 0.959304
5.81706 0.962601
5.82241 0.965784
5.82776 0.968846
5.83311 0.971782
5.83846 0.974585
5.84381 0.97725
5.84916 0.97977
5.85452 0.982139
5.85987 0.984351
5.86522 0.986401
5.87057 0.988281
5.87592 0.989986
5.88127 0.991509
5.88662 0.992845
5.89197 0.993988
5.89732 0.994941
5.90268 0.995712
5.90803 0.99631
5.91338 0.996744
5.91873 0.997025
5.92408 0.99716
5.92943 0.997159
5.93478 0.997031
5.94013 0.996785
5.94548 0.99643
5.95084 0.995976
5.95619 0.995431
5.96154 0.994805
5.96689 0.994107
5.97224 0.993346
5.97759 0.992531
5.98294 0.991671
5.98829 0.990775
5.99365 0.989852
5.999 0.988912
6.00435 0.987964
6.0097 0.987017
6.01505 0.986079
6.0204 0.985161
6.02575 0.98427
6.0311 0.983417
6.03645 0.982611
6.04181 0.981859
6.04716 0.981173
6.05251 0.98056
6.05786 0.98003
6.06321 0.979593
6.06856 0.979256
6.07391 0.97903
6.07926 0.978923
6.08462 0.978944
6.08997 0.979104
6.09532 0.97941
6.10067 0.979872
6.10602 0.980499
6.11137 0.9813
6.11672 0.982281
6.12207 0.983435
6.12742 0.984755
6.13278 0.98623
6.13813 0.987852
6.14348 0.989613
6.14883 0.991503
6.15418 0.993513
6.15953 0.995636
6.16488 0.997861
6.17023 1.00018
6.17559 1.00259
6.18094 1.00507
6.18629 1.00762
6.19164 1.01022
6.19699 1.01288
6.20234 1.01558
6.20769 1.01831
6.21304 1.02107
6.21839 1.02383
6.22375 1.02661
6.2291 1.02938
6.23445 1.03214
6.2398 1.03488
6.24515 1.03759
6.2505 1.04026
6.25585 1.04289
6.2612 1.04546
6.26656 1.04796
6.27191 1.05039
6.27726 1.05274
6.28261 1.05499
6.28796 1.05715
6.29331 1.0592
6.29866 1.06113
6.30401 1.06293
6.30936 1.0646
6.31472 1.06612
6.32007 1.06749
6.32542 1.0687
6.33077 1.06974
6.33612 1.07059
6.34147 1.07127
6.34682 1.07177
6.35217 1.0721
6.35753 1.07226
6.36288 1.07226
6.36823 1.07209
6.37358 1.07178
6.37893 1.07132
6.38428 1.07071
6.38963 1.06996
6.39498 1.06908
6.40033 1.06806
6.40569 1.06692
6.41104 1.06566
6.41639 1.06428
6.42174 1.06279
6.42709 1.06119
6.43244 1.05949
6.43779 1.05769
6.44314 1.0558
6.44849 1.05381
6.45385 1.05175
6.4592 1.0496
6.46455 1.04738
6.4699 1.04509
6.47525 1.04273
6.4806 1.04031
6.48595 1.03783
6.4913 1.0353
6.49666 1.03272
6.50201 1.0301
6.50736 1.02745
6.51271 1.02475
6.51806 1.02203
6.52341 1.01929
6.52876 1.01652
6.53411 1.01374
6.53946 1.01095
6.54482 1.00815
6.55017 1.00535
6.55552 1.00256
6.56087 0.999768
6.56622 0.996989
6.57157 0.99422
6.57692 0.991463
6.58227 0.988719
6.58763 0.985989
6.59298 0.983275
6.59833 0.980578
6.60368 0.977899
6.60903 0.97524
6.61438 0.972602
6.61973 0.969986
6.62508 0.967394
6.63043 0.964826
6.63579 0.962285
6.64114 0.959771
6.64649 0.957286
6.65184 0.954831
6.65719 0.952408
6.66254 0.950017
6.66789 0.947661
6.67324 0.94534
6.6786 0.943055
6.68395 0.940809
6.6893 0.938602
6.69465 0.936435
6.7 0.934311
