
Macierz:
3 4
 4.00000  2.00000 -1.00000 12.00000
 2.00000  5.00000  2.00000 -8.00000
-1.00000  2.00000 10.00000  4.00000

Po elim. Gaussa:
3 4
 4.00000  2.00000 -1.00000 12.00000
 0.00000  4.00000  2.50000 -14.00000
 0.00000  0.00000  8.18750 15.75000
Permutacja: 0 1 2
Permutacja odwrotna: 0 1 2

Po podstawieniu wstecz:
3 4
 4.00000  2.00000 -1.00000  5.83206
 0.00000  4.00000  2.50000 -4.70229
 0.00000  0.00000  8.18750  1.92366
Rozwiązania: 
Nr 1:
	5.83206	-4.70229	1.92366
time elapsed: 0.000010 seconds.
